binA: [5.810007088582762, 0.2594918696786977, -0.7301400354339316, 0.6832975403559836]
binB: [5.285430456864387, 0.26124037517618004, -0.7367077724680732, 0.6762112524833711]
operator: [4.137158849427943, 4.097547585563449, 0.9998963366753923, 0.014398468777274496]
shelf: [5.1711025944061175, 4.27051360604905, 0.6962918406587731, 0.7177587844338916]
tableA: [4.291049897461593, 0.607386253558996, -0.731190323524788, 0.6821735195562166]
tableB: [2.8833553173807664, 1.9806126082397615, 0.7024322112327599, 0.7117506505951753]
